625
2501
1328
1138
1328
8048
1903
4326
5097
3058
1402
2297
2445
23183
3572
5795
1245
1300
50344
1808
1208
9989
4845
1729
2918
2530
3771
1470
5012
1420
1620
3178
19494
16935
2065
11891
1594
13970
1264
2367
12494
2150
96241
2029
2331
3863
5430
1203
30763
3846
27447
18384
26688
37407
7486
9720
2445
7450
5491
19174
2255
1838
4988
4565
7324
6767
8688
1967
10088
6199
7672
2566
9232
3758
9249
5546
3110
1505
1661
4540
7911
10236
9041
1510
1378
8728
2540
1183
1054
2071
6090
2321
8660
2581
2102
5066
20311
1106
1036
2222
3211
12609
3800
1619
17179
1245
3477
7226
2781
3606
3568
1256
28119
2693
16061
4708
14496
5307
7363
8481
2371
3365
2045
2902
4534
4903
12911
1327
2094
1587
3639
2808
1410
3439
8925
1790
1632
10040
1669
893
2274
12252
10766
2606
2772
1922
1677
2727
1825
2756
1220
40023
2060
11069
1676
815
5084
1820
3256
1882
10385
2097
54113
1053
9770
5620
1154
1580
6857
1133
3099
1695
1175
2794
2149
1558
2748
2062
1298
6987
3283
19964
5269
1445
1122
2926
3996
1814
1878
5437
1169
1407
13761
1126
1646
3276
2025
2150
1132
28367
1627
1655
2573
6488
1869
1401
21222
1059
7028
6517
1956
2307
15838
1746
3666
1436
9374
2161
1817
32014
1684
1603
2815
2568
5679
5308
3388
1884
4169
2048
1693
3078
1968
1376
18176
1123
2871
1102
1299
1852
3759
7004
9377
1807
1129
1844
3194
2628
3250
11532
10785
1411
1593
7233
5498
1492
972
5767
8491
4845
963
16047
7298
5473
8206
8717
866
1228
931
1564
1536
1089
4461
2918
1673
2758
8256
1747
8777
1508
1867
12848
3154
2012
1440
3306
21470
20437
4190
5033
14719
1987
6641
1842
1726
1965
2796
1863
21663
2258
2432
2753
1588
1720
24405
1924
2960
1117
3268
8415
1567
2414
4221
10498
3716
29353
1095
1838
8298
7899
3764
2383
10563
25193
5086
3407
4264
1345
2917
1231
2868
2742
9127
4655
6323
1785
9723
3014
9118
1053
4114
8649
6176
4881
10234
6253
3168
1375
6599
1080
1428
6477
2590
1294
1282
1129
8619
2863
17205
1852
1252
2662
9534
1813
33539
7716
14157
14013
1988
2429
4888
981
5552
1140
23772
1483
5092
6178
1006
2104
1838
15912
696
1569
10036
17472
1930
1114
2443
2680
1672
1235
5239
1791
4244
4436
2683
5790
1872
998
1932
2769
15057
2153
3857
1193
2092
1499
1849
1610
2439
13170
1601
31118
2512
7600
1216
1052
4252
1517
2205
973
13136
2155
1706
17441
1653
10330
2092
1928
3211
4956
2349
1746
1160
6117
1378
1407
3962
5473
1958
2418
1401
1301
29298
1993
2702
1588
11024
8658
22445
3766
1951
1026
2238
3159
1433
3894
7602
6231
9614
954
12407
1503
4594
1137
5808
1671
1139
1125
5675
2681
3338
6423
2761
1178
1713
2116
7048
1586
3985
3200
1126
1043
1368
8751
2804
19299
1201
1955
2859
4867
15307
1522
7035
880
1027
1933
2297
1877
2874
5034
1947
1613
6621
3244
3389
1167
4598
3879
1343
3062
12307
2869
1502
6998
1303
9998
4563
5389
3643
4278
12439
1489
2220
1255
2371
1711
31058
6111
25557
4672
2730
5738
12191
1767
35546
10778
2773
2589
10882
9136
3868
1769
1703
1845
63152
2915
13256
3109
2359
2278
3999
3347
2805
8061
4320
1802
1560
1710
3012
27075
1860
1466
15594
4225
1576
7686
56772
2098
4961
15179
12135
2313
3513
6513
1459
3925
2454
4137
12475
3691
4972
6247
1593
1791
2187
2986
1655
2520
3114
2979
5384
37640
2552
5627
1202
23428
2736
11096
1398
9783
5864
3130
2036
3395
11664
1482
1747
13969
3060
5695
1038
1744
1150
1419
11990
2184
2227
1774
1128
916
1292
3914
1755
20495